683
1588
1678
289
2695
2672
1548
710
1210
2399
1820
2088
1854
1030
2654
1211
2351
2167
2132
1789
1499
1850
1448
2563
971
104
1738
861
2020
569
399
1341
1377
124
795
10
2479
1511
70
1535
1887
2535
567
674
259
825
2720
179
2690
1362
918
672
2718
692
2721
15
1118
457
936
361
306
245
2512
2129
1491
2665
2108
2507
989
562
1000
2343
196
2178
1081
688
1230
1549
2402
346
2004
1451
2469
298
746
2506
1625
1363
2131
1236
2324
748
1449
436
2426
2581
1571
385
1025
1003
2271
1886
224
1884
2320
831
927
252
923
1787
2403
248
2037
295
2729
156
92
1295
1417
2441
332
2460
2733
1942
1702
909
2376
369
838
1367
1225
2486
564
2184
1806
202
2544
775
1343
2491
1013
1492
670
2316
890
182
1412
2478
1991
1052
1964
53
1009
2308
23
618
1603
1714
1047
2126
2279
2514
2028
502
700
628
320
192
1078
914
1591
616
794
2229
2044
2350
2686
1921
1239
600
98
465
227
195
1217
1780
2594
1869
2475
1424
1101
1512
1696
2165
841
2736
1793
1240
937
1100
2025
1327
2116
217
1010
276
812
2134
1649
641
69
1197
2285
33
1504
418
2325
951
117
723
1023
2104
1912
9
2620
2627
1864
2724
2286
781
2557
712
2626
565
2319
2065
2459
953
2572
2198
2253
1969
1767
169
2692
1244
582
2356
1074
653
2102
1205
1465
1790
2264
422
1819
2741
686
2293
2554
353
991
296
380
352
2302
2615
113
2570
2450
566
2541
1302
2434
2379
563
14
654
496
2503
1816
311
1682
1106
905
333
1061
527
1042
1760
1280
546
1724
396
2136
1271
1015
501
317
446
883
480
619
597
427
768
491
1292
1062
1370
121
2644
2295
1935
2534
1349
1160
2245
1855
1673
2457
2380
1462
1027
578
1138
2598
1761
135
2203
64
636
1372
2333
558
1917
2303
2511
2247
2440
1332
1103
1055
1872
271
2382
2060
687
1676
482
1358
1017
2166
720
109
2604
2698
76
708
137
1592
543
924
745
2156
1544
2470
652
2010
1418
1788
847
731
138
2346
1110
1267
933
2266
242
398
1994
944
2517
215
1999
2276
1753
27
518
2592
2294
2443
2603
666
1454
2230
2711
22
829
2482
1771
776
2526
1827
1628
547
949
1192
1284
536
2300
2596
1185
478
1108
1049
2057
1876
2578
921
1183
1772
2623
2416
1757
852
2208
234
2340
1858
1114
314
1256
37
425
817
2288
2162
643
2661
2643
141
1955
988
443
1002
2355
1768
704
1902
581
489
850
1575
2367
900
882
2118
2509
1496
1385
148
2183
2202
1654
2539
302
1686
2038
715
191
1503
1051
1976
454
2531
2026
2501
1487
1147
913
1845
351
2061
2655
1275
1334
1355
1813
1453
326
2039
1559
1959
2700
2204
1643
405
2530
1474
57
1692
2635
977
621
2445
1977
1947
2637
2254
610
402
2074
1140
452
1669
793
1713
1683
2168
487
1018
438
1691
2016
1151
1195
897
1615
330
722
886
2309
1716
1432
2608
1839
2252
1843
1764
2029
2067
2345
2522
303
132
1580
526
2225
144
682
2518
2033
204
41
2619
2200
1606
1570
4
1399
2414
1974
701
2444
390
1505
1833
251
1852
357
1376
2640
1523
676
2110
232
1199
2681
1426
2621
2034
2201
2495
1463
880
615
2180
1736
1721
878
1005
1798
522
1471
2360
2480
1916
638
1878
1323
1983
2243
667
836
145
1657
1056
1038
1647
162
716
2543
2583
2122
359
1519
486
2411
2027
2567
1037
1212
379
1543
1099
1122
2312
39
1032
1203
2127
964
1087
2336
2488
2090
926
414
1712
1411
702
2585
1246
1255
1279
1832
440
477
1127
2476
2305
728
675
1513
906
2673
2432
125
1068
2641
1581
996
391
1644
220
2678
17
58
2066
1485
2109
411
2605
1952
1538
791
2734
868
149
107
1455
1840
1
384
530
588
2424
453
713
2259
2714
764
1303
1273
1174
757
1766
980
2119
1675
52
1338
1457
20
1226
1095
1458
194
189
998
2258
322
1161
634
264
2660
1784
1895
982
2571
609
1175
1263
1264
2330
1577
579
2527
2421
48
2375
910
711
223
2413
538
2160
1464
1450
1662
2153
703
2103
1403
575
1811
2555
587
2035
1190
286
1059
40
1129
2404
758
896
1063
1901
206
2456
1751
2701
2378
1599
743
806
1070
2015
557
2032
1222
2349
2708
1859
962
1652
133
898
895
1170
2055
602
1086
1237
2631
1093
568
1373
2354
2676
2702
1012
2327
11
2625
1109
1098
2420
305
1232
442
1646
2649
157
1165
1958
229
505
2614
1257
2215
18
2031
938
200
392
1282
1602
2505
646
855
1380
1366
47
2407
2368
1405
1929
175
1698
461
1521
2164
529
2232
1285
1968
719
1254
657
2073
2062
1620
1168
1779
899
228
2730
413
1421
2140
254
2489
1846
684
300
128
2272
30
1992
1139
1478
1390
1888
1507
762
1656
517
1476
386
651
459
1456
2278
2639
805
2542
891
366
2617
283
983
1587
2677
995
661
2436
1313
2696
1041
1516
1679
458
1083
503
1091
1142
1759
572
2520
1431
912
6
2697
2092
87
2408
966
2525
1809
2465
488
1785
2523
2633
596
1709
2212
1998
876
444
161
1525
249
2381
1506
1680
1043
1482
173
1626
1259
118
822
2077
665
1733
1173
570
2281
158
139
2179
574
778
1045
1639
958
2018
2284
648
1077
1148
1776
342
792
935
2611
2137
2138
789
2462
1996
1371
290
535
916
727
1756
1235
43
2075
2569
2047
483
80
981
270
1835
1374
1180
475
532
2499
299
2638
1328
2069
267
485
233
1945
2705
963
1695
1187
287
2560
733
2248
979
512
766
810
997
1689
961
1157
655
815
828
2236
553
840
1242
279
820
1962
253
663
250
1560
2547
1567
31
2566
1773
2593
2577
1547
842
2101
1939
2094
1861
1427
309
2093
1270
2568
818
1231
1856
1650
2481
1397
892
1526
2142
1597
521
1922
393
77
262
1981
240
721
1866
1554
1058
2528
799
2070
1079
381
2223
2717
1036
2651
106
85
1831
474
2341
1633
1467
2612
1347
633
1136
629
1300
345
1428
310
735
187
1520
1746
2713
415
516
917
344
294
1096
1837
1540
2097
2205
1786
2014
2277
1188
2175
260
832
1301
1572
1661
1642
2005
1892
2731
2590
2706
2265
2671
1550
360
620
1851
986
34
690
2452
2600
376
101
1266
2273
1452
946
1586
2401
506
1774
61
2468
1537
2194
1473
1116
1651
519
1287
1573
2144
1610
1748
72
2588
36
2497
2582
1317
2233
142
2484
1894
1783
2298
2321
2364
152
2458
2668
1073
42
2387
5
55
1283
987
1988
511
1583
2064
2041
1980
2329
893
1836
1984
473
1330
985
335
551
1804
66
1293
718
1423
140
1097
1029
1082
1261
2124
583
2682
1997
2406
2613
1119
102
2053
2726
2238
278
1460
185
2149
1735
1193
2385
2629
724
2559
19
1150
468
54
1213
1648
1794
2663
2189
2412
1594
1137
1725
750
1322
1126
82
122
2704
1386
2634
2524
2365
1568
689
1146
1069
214
2113
1528
2283
2370
1076
796
1553
315
1627
159
1664
318
717
2315
2738
190
598
978
1277
1414
2111
2326
2050
811
2632
534
2269
479
1697
2219
974
2386
726
2133
1515
1357
2155
2473
1903
1008
2392
1228
408
434
1621
219
383
1489
272
1949
2145
813
866
2519
2546
268
481
561
1368
1817
2213
2374
347
2533
1145
658
590
1436
1326
89
2210
644
760
1050
177
823
1234
1726
2449
1117
2398
2483
1907
785
2
1379
2058
108
2396
1818
2448
171
412
1359
416
2722
1294
2427
1611
364
2206
740
73
2193
2538
1509
312
1396
856
378
2291
154
1216
772
2056
1900
930
2323
2078
308
1001
1663
143
965
1957
1080
632
1393
955
2001
178
498
340
1387
1934
2170
198
1530
2114
1533
1166
1694
1919
1732
1339
2231
759
170
1356
773
2357
2289
992
45
1928
467
1802
1632
2030
1953
319
184
1781
1569
1710
2550
1539
839
2417
2299
744
539
1154
801
2516
1135
1422
210
2657
1708
65
863
1665
1687
203
1132
1021
2490
1026
2393
341
2115
875
1120
372
576
942
211
520
939
889
1258
2372
1825
2052
1325
354
96
1486
2267
589
1728
2529
2429
513
71
2147
2290
2467
1946
456
725
68
1555
2199
2587
881
1612
231
377
2226
862
432
1490
2395
994
1906
1590
1378
1143
1801
172
2521
1248
814
208
218
948
16
2083
367
1406
1128
884
1319
1388
2454
2561
1598
2397
2240
1604
394
1972
984
542
803
677
406
1459
552
362
549
970
2172
1951
940
2703
1737
788
877
355
1299
2688
1601
2474
1666
642
1950
554
2586
693
2049
2636
649
2358
2196
420
593
559
339
1635
2063
2447
706
2352
1826
1965
2190
1444
2687
960
1265
1164
1867
2645
1739
1493
1484
500
147
258
769
13
1848
1841
2012
114
957
2689
241
2019
1354
679
2735
56
1252
2628
435
1808
2670
155
2739
1361
1016
60
29
782
35
2310
1446
1171
1310
1060
358
1123
499
524
1200
737
50
265
1865
1585
1315
1518
2548
2148
1857
1770
336
548
2158
1944
887
2669
494
580
2422
2086
431
1189
1229
2246
2244
212
2087
1064
1245
75
2453
1312
2487
1031
2391
247
1595
1918
1500
186
1982
668
1677
1336
8
2054
1622
1824
1075
1763
631
293
1985
1655
1105
32
134
1124
445
1948
226
464
455
2461
2712
2191
999
1830
1681
2125
752
2666
1703
533
243
401
1495
585
244
2366
2438
1340
1501
450
1227
1182
2143
2072
285
471
2239
1637
1897
2493
2373
1674
1715
304
871
1881
611
1898
1407
426
1184
2377
2112
1014
1730
1704
2727
2174
1791
2532
2415
1670
1775
678
1044
2694
943
1218
1498
1065
1593
2314
1943
49
1729
540
1668
110
1631
1893
510
1990
2188
44
1115
1269
235
1324
1719
1607
78
269
1762
826
313
1995
1307
1351
1564
911
1430
697
338
466
1019
363
864
2564
1344
1360
2331
1758
2234
1094
2262
2691
1524
1034
685
1420
1529
819
2311
83
79
1311
1765
1088
2043
1439
2675
919
1440
2216
2095
2508
205
328
808
1510
1196
1057
545
528
1281
656
2553
1442
2597
858
1853
1885
2235
1936
844
833
879
1614
1749
1842
213
472
2409
131
1039
439
849
2664
476
1419
904
1609
1752
853
448
2442
1717
129
2220
1727
103
635
1084
784
1979
969
1803
1102
1821
1415
165
2348
1260
1618
1742
907
2123
349
2301
1494
371
2584
1860
2045
1276
507
1624
1335
1741
2218
395
625
695
947
761
1382
2667
263
1383
2728
2361
846
783
1401
645
2545
2099
1658
2683
1882
771
1754
2466
51
2405
493
1880
601
2674
301
1375
1121
2500
993
1035
1989
2096
238
97
779
2347
111
1220
3405
3217
3999
2983
3417
3055
3935
3518
3757
2954
3899
3659
3878
3775
3188
3985
3576
3610
3490
3229
3389
2798
3634
3972
2748
2884
3679
3092
3140
3613
2774
3806
3185
3026
3685
3636
3717
3664
3764
3676
3789
2895
2795
3986
4008
3968
3496
3421
3011
3397
3829
3282
2788
3314
3278
3937
2902
3189
2990
3289
3344
4005
3858
3415
3883
3300
3591
3516
2761
2997
3748
3013
3960
3483
3062
3238
3170
3807
2927
3568
3822
2929
3936
3542
3168
3491
3601
3655
3996
2828
2851
3746
3384
2904
3497
3145
2744
3573
3148
3408
3977
3730
2801
3686
3186
3853
3975
3924
2782
3848
3718
3667
3723
3879
3224
3063
3467
3842
3864
3816
2941
3249
3941
2757
3744
3745
3161
3771
3237
3202
2885
2945
2958
2867
3352
3567
2752
3677
3326
3451
3501
3536
3827
3340
3361
3183
3399
3038
2804
2835
3395
3353
3706
2818
2984
2883
3658
3204
3523
3527
3779
3953
3220
2899
4020
3681
2751
3599
3919
3375
3560
2770
3503
3644
3321
3266
3155
3556
4030
3101
3907
3283
2994
3819
3042
3766
3454
3917
3846
3222
2947
3012
2967
3554
2935
3272
3570
3635
3053
3136
3737
3504
3487
3181
3358
3104
3060
2976
3221
3332
3530
3142
3672
3051
3690
3630
3201
3274
3720
4031
3938
2777
3574
2974
3818
3330
3196
3761
3859
3254
3149
3505
3892
3539
3246
2937
3312
3874
3284
3979
3799
3410
2792
4012
3133
3781
3751
3163
4001
3645
3805
3967
3447
3208
3703
2787
3801
3509
3377
3073
3226
3698
3076
3045
3364
3065
3933
2938
3297
3107
2813
3295
2753
3551
3753
3612
3256
3474
2807
3271
3387
3269
3041
3071
3335
3232
3831
3085
3980
3263
4019
3165
3446
3425
4026
3802
3046
3700
3705
2874
2758
3844
3159
3459
3926
3821
2930
2934
2846
3195
2803
3174
3094
3243
3793
3943
3177
3471
3296
2825
3255
3583
3541
3209
3641
2995
3460
3054
3955
2856
3102
2992
3331
3006
3400
3234
3014
3430
3881
2865
3647
3528
2759
3839
3124
4027
3565
3683
3875
3888
3885
3151
3178
2840
3617
3607
3869
2939
3129
2926
3998
3777
3537
3836
3538
3934
2918
3507
2824
3010
2820
3627
3179
3614
3957
3701
3310
3983
3896
2831
3273
3318
3995
3412
3798
2860
3210
3037
3004
3317
3215
2745
3742
3081
3099
3714
2925
3665
3431
3385
3558
3666
3502
3381
3138
3225
3244
2982
3276
3526
2853
3795
4010
3832
3843
3500
3175
3609
3804
3920
3623
3110
3515
4023
3127
2943
3248
2808
3207
3512
4034
3015
3866
3311
2908
3469
3713
3322
3663
3712
3902
3561
3893
2931
2783
3880
3642
3922
3857
3059
2957
4036
3931
3372
3105
3649
3003
2762
2998
2773
3693
3727
2973
3368
3401
2996
3438
3456
3656
3932
3687
3982
3007
3106
3909
2844
3696
3596
3971
3900
3640
3058
3324
3969
3708
4007
2797
3472
3356
3906
3230
4009
3214
3916
3987
2790
3868
2823
3495
3292
3871
3021
3657
3109
3813
3022
3949
3851
3840
3442
3984
3604
2949
2822
2933
3235
2888
3061
3650
3200
2887
3584
3333
3279
3362
3678
2826
2897
3702
3741
3465
2870
3291
3146
2893
3435
3156
3436
3514
3429
3398
3480
3404
3095
2838
2780
3228
2886
3728
2901
3511
3626
3323
2979
2965
3876
3606
3476
3308
2805
2936
2978
2924
3455
3264
4033
3359
3411
3125
3835
3940
3074
3005
2749
3009
2781
3997
3288
2861
3351
2848
3532
3227
3732
2763
2985
2793
2905
3548
3571
3618
3044
2915
3812
3861
4024
3394
3680
3432
2953
3087
3049
2960
4011
3032
3121
2910
3164
3621
2755
3265
2811
2833
3768
3123
3115
3001
3557
3047
3961
3153
3992
3392
2785
2951
3643
3769
3945
3339
3661
3258
3028
3736
2814
3304
2922
3770
3951
3236
2859
3036
2819
2791
3833
3760
3075
3319
3365
3307
3535
3489
3152
3709
4029
3867
3031
3373
3267
2900
3080
3962
3239
2789
3589
3205
3486
3182
2920
3964
3785
3167
3068
3620
3407
3093
3190
2760
3595
3689
3946
3088
3890
3056
3669
3194
2913
4035
2876
4028
3774
2821
3738
3089
3139
3132
3128
3468
2862
3670
3724
2972
3838
2764
3767
3572
2993
2986
3638
2778
3336
3414
3250
3654
3494
3788
2852
3485
3122
3357
3347
3370
3403
3325
3466
2914
3420
2981
3443
3834
3729
3452
4013
3064
2863
3889
2898
3841
3367
2881
2868
3199
2809
3600
3882
3369
3348
4022
3722
2921
3918
3158
2843
3691
3735
3484
3077
2857
3424
2963
3134
3930
3052
3870
3993
3270
3533
2988
3428
3261
4021
3582
3137
3383
2847
3605
3752
3772
2794
3345
3097
3954
3203
2765
3117
3281
2961
3328
3544
3734
4015
3157
2948
3790
3240
3259
3445
3419
3118
2928
3147
3449
3648
3144
3577
3792
3184
2875
3488
2916
3433
3171
3756
4016
3855
3461
3739
2839
3673
3378
3481
3242
2817
2832
3884
3434
3824
2743
3301
3426
3135
3219
3887
3262
2850
3090
3830
3749
2966
3755
3070
2845
3815
3363
3218
2956
3450
2878
2989
4018
3782
3905
3754
3923
3726
3704
3108
2991
3479
2769
3579
3762
3160
3981
3423
3622
2746
2877
3580
3098
3035
3441
3865
3845
3989
3624
3725
2971
3386
2968
2969
3585
3112
3797
3587
3082
3162
3852
3346
3908
3008
3197
2806
3856
3854
3103
2980
3393
2855
3759
3817
3275
3320
3553
2869
3002
4320
4137
4074
4083
4412
4127
4275
4052
4287
4270
4257
4262
4319
4470
4429
4437
4321
4477
4169
4082
4350
4113
4308
4449
4058
4242
4245
4476
4150
4356
4453
4483
4194
4250
4112
4338
4212
4134
4199
4144
4174
4340
4145
4190
4192
4432
4415
4155
4267
4038
4431
4416
4384
4261
4362
4256
4438
4133
4484
4049
4373
4454
4284
4450
4139
4443
4377
4478
4282
4500
4047
4455
4272
4545
4115
4102
4428
4379
4369
4273
4345
4216
4548
4524
4513
4313
4409
4538
4301
4489
4473
4352
4530
4091
4266
4315
4446
4233
4346
4418
4093
4225
4097
4334
4348
4335
4108
4207
4043
4463
4191
4232
4394
4196
4518
4044
4349
4045
4547
4506
4171
4209
4400
4231
4417
4086
4318
4268
4161
4528
4096
4504
4525
4474
4542
4210
4179
4092
4208
4181
4289
4440
4430
4550
4382
4089
4111
4063
4247
4041
4363
4286
4291
4042
4178
4456
4172
4423
4159
4059
4105
4057
4402
4051
4512
4330
4228
4101
4494
4277
4118
4403
4347
4237
4527
4510
4197
4534
4411
4243
4492
4283
4088
4364
4517
4442
4201
4143
4359
4100
4390
4223
4481
4493
4339
4126
4357
4309
4130
4343
4514
4353
4383
4129
4055
4300
4235
4182
4195
4187
4290
4535
4204
4122
4276
4546
4103
4367
4298
4177
4138
4439
4039
4459
4258
4054
4183
4505
4366
4067
4151
4278
4140
4376
4355
4213
4461
4153
4205
4466
4157
4305
4149
4422
4336
4326
4173
4227
4452
4218
4163
4507
4071
4458
4465
4401
4292
4269
4170
4070
4532
4081
4098
4236
4388
4389
4255
4110
4072
4332
4066
4408
4387
4498
4254
4064
4380
4337
4193
4381
4391
4175
4249
4141
4549
4392
4398
4252
4464
4226
4251
4472
4241
4271
4296
4104
4061
4253
4260
4166
4148
4203
4469
4445
4077
4311
4404
4116
4475
4368
4050
4324
4508
4288
4265
4198
4120
4154
4529
4147
4186
4189
4053
4385
4146
4399
4176
4274
4297
4427
4354
4360
4451
4285
4531
4436
4056
4365
4333
4306
4263
4444
4040
4471
4162
4317
4323
4114
4221
4482
4533
4312
4331
4490
4219
4502
4117
4344
4295
4761
4730
4686
4641
4930
4572
4658
4964
4801
4749
4915
4898
4867
4899
4823
4975
4834
4903
4563
4942
5008
4781
4870
5018
4669
4844
4739
4860
4561
4566
4776
4683
4756
4868
4552
4861
4647
4948
4945
4878
4988
4775
4710
4981
4804
4896
4963
4895
4605
4588
5011
4929
4782
4857
4864
4629
4627
4742
4849
4977
4906
4803
4983
4607
4827
4611
4557
4622
4675
4685
4626
4972
4919
4956
4850
4772
5007
4706
4653
4693
4737
4704
4968
4610
4918
4792
5004
4616
4954
4708
4897
4606
4840
4695
4722
4835
4651
4757
4914
4692
4715
4924
4600
4603
4625
4577
4596
4764
4925
4555
4853
4989
4664
4833
4559
4759
4556
4806
4780
4851
4558
4711
4673
4937
4573
4619
4893
4571
4705
4565
4812
4771
4615
4829
5012
4632
4953
4979
4726
4991
4998
4894
4805
4721
4751
4980
5015
4822
4862
4657
4859
4614
5014
4951
4962
4819
4640
4873
4644
4784
4961
4931
4643
4569
4696
4709
4701
4787
4770
4797
4745
4838
4617
4944
4814
4691
4652
4916
4800
4934
4568
4697
4798
4790
4581
4665
4747
4654
4789
4908
4727
4890
4667
4719
4952
4671
4852
4663
4866
4973
4687
4741
4877
4791
4677
4815
4883
4933
4902
4992
4684
4584
4996
4713
4585
4595
4648
4636
4612
4718
4750
4724
4917
5002
5010
4976
4863
4659
4943
4769
4597
4928
4796
4832
4624
4688
4999
4586
4854
4580
4732
4891
4871
4602
4936
4966
4768
5009
4578
4553
4783
4946
4707
5001
4994
4786
4932
4689
4763
4655
4880
4876
4881
4766
4912
4740
4765
4755
4785
4810
4618
4575
4767
4774
4680
4662
4717
4941
4920
4591
4825
4887
4630
4846
4848
4564
4938
5013
4779
4712
4634
5016
4993
4661
4700
4703
4567
4869
4660
4882
4690
4788
4811
4995
4926
4799
4913
4570
4847
4820
4777
4911
4554
4879
4676
4831
4837
4628
4735
4904
4997
4826
4845
4959
4733
4970
4631
5388
5647
5420
5033
5568
5297
5141
5760
5405
5215
5050
5477
5522
5576
5596
5318
5672
5722
5761
5191
5175
5744
5592
5181
5046
5769
5277
5132
5504
5520
5161
5523
5656
5104
5408
5427
5194
5336
5543
5059
5454
5286
5370
5702
5027
5641
5685
5418
5373
5492
5711
5602
5487
5422
5074
5094
5229
5020
5325
5501
5557
5686
5683
5098
5541
5122
5258
5624
5377
5280
5701
5266
5789
5304
5514
5291
5274
5664
5462
5735
5206
5580
5607
5320
5631
5374
5495
5638
5223
5037
5250
5169
5620
5730
5421
5069
5503
5746
5790
5599
5058
5394
5217
5524
5029
5087
5564
5601
5200
5752
5338
5021
5784
5261
5375
5259
5466
5414
5434
5335
5572
5750
5268
5385
5720
5506
5436
5718
5616
5577
5401
5212
5090
5068
5233
5645
5515
5056
5164
5067
5221
5331
5623
5493
5260
5095
5083
5634
5071
5332
5490
5500
5241
5606
5565
5787
5438
5137
5271
5176
5269
5646
5234
5399
5545
5116
5553
5272
5334
5437
5554
5423
5637
5643
5621
5552
5036
5312
5285
5486
5785
5426
5764
5749
5189
5715
5729
5064
5352
5081
5097
5365
5444
5298
5159
5364
5567
5146
5249
5598
5768
5163
5290
5040
5633
5428
5054
5497
5178
5725
5096
5393
5416
5353
5128
5255
5321
5120
5337
5111
5369
5270
5588
5549
5357
5609
5779
5254
5230
5329
5184
5207
5356
5587
5053
5707
5649
5788
5386
5496
5660
5174
5302
5382
5381
5431
5262
5219
5085
5639
5313
5350
5031
5180
5282
5550
5535
5650
5551
5411
5586
5460
5248
5559
5287
5778
5774
5695
5704
5034
5264
5409
5025
5404
5363
5123
5476
5425
5453
5109
5471
5654
5371
5237
5589
5322
5224
5590
5209
5518
5687
5213
5508
5151
5252
5192
5197
5765
5603
5225
5721
5115
5681
5441
5659
5108
5676
5198
5019
5065
5190
5635
5432
5126
5152
5473
5242
5479
5121
5127
5232
5513
5346
5265
5502
5443
5144
5575
5662
5435
5644
5243
5045
5383
5485
5561
5612
5022
5153
5344
5384
5205
5516
5314
5665
5451
5628
5713
5244
5719
5349
5772
5351
5455
5680
5622
5755
5521
5539
5509
5379
5776
5705
5131
5632
5697
5039
5084
5317
5145
5278
5682
5419
5358
5666
5156
5525
5026
5361
5786
5328
5661
5555
5204
5546
5372
5484
5172
5073
5049
5447
5706
5119
5468
5655
5748
5256
5689
5075
5079
5627
5281
5530
5283
5736
5482
5227
5410
5690
5472
5186
5057
5763
5684
5651
5319
5548
5519
5674
5182
5143
5173
5355
5078
5532
5323
5740
5699
5362
5470
5330
5446
5498
5177
5070
5604
5708
5540
5380
5481
5512
5238
5537
5327
5093
5301
5585
5367
5542
5023
5640
5456
5615
5511
5698
5024
5160
5582
5475
5154
5538
5397
5709
5041
5754
5295
5303
5289
5445
5756
5300
5439
5239
5717
5339
5458
5391
5139
5100
5775
5032
5781
5474
5766
5758
5179
5771
5257
5398
5536
5731
5459
5739
5595
5214
5210
5135
5657
5653
5183
5125
5035
5082
5489
5403
5732
5124
5591
5510
5743
5348
5494
5499
5517
5692
5424
5594
5112
5452
5102
5671
5780
5433
5583
5677
5723
5341
5376
5088
5533
5528
5359
5240
5737
5165
5308
5048
5133
5527
5642
5767
